  File: tmp
  Size: 14        	Blocks: 8          IO Block: 4096   regular file
Device: 801h/2049d	Inode: 305036      Links: 1
Access: (0644/-rw-r--r--)  Uid: ( 1000/     dev)   Gid: ( 1000/     dev)
Access: 2025-01-15 20:51:11.232833193 -0700
Modify: 2025-01-15 20:51:06.113305334 -0700
Change: 2025-01-15 20:51:06.113305334 -0700
 Birth: 2025-01-15 20:49:49.143711605 -0700
